<CoordinateSystem> { Z-up } 
  <Group> Korlan {
    <Dart> { 1 }
    <Joint> Korlan:Hips {
      <Transform> {
        <Matrix4> {
          0.009999999776482582 0.0 0.0 0.0 
          0.0 0.0 0.009999999776482582 0.0 
          0.0 -0.009999999776482582 0.0 0.0 
          0.006335829384624958 -0.01781083084642887 0.8736056089401245 1.0 
        }
      }
      <Joint> Korlan:Spine {
        <Transform> {
          <Matrix4> {
            1.0 0.0 0.0 0.0 
            0.0 0.9990668296813965 -0.043191567063331604 0.0 
            0.0 0.043191567063331604 0.9990668296813965 0.0 
            0.0 7.497314453125 -0.3241233825683594 1.0 
          }
        }
        <Joint> Korlan:Spine1 {
          <Transform> {
            <Matrix4> {
              1.0 -3.0531133177191805e-16 -2.9168867321516245e-09 0.0 
              0.0 0.9999999403953552 -1.0058283805847168e-07 0.0 
              2.9168871762408344e-09 1.0058283805847168e-07 0.9999999403953552 0.0 
              0.0 8.755017280578613 -2.384185791015625e-07 1.0 
            }
          }
          <Joint> Korlan:Spine2 {
            <Transform> {
              <Matrix4> {
                1.0 -2.8449465006019636e-16 5.576706652021812e-09 0.0 
                -3.194840723338342e-16 0.9999999403953552 1.043081283569336e-07 0.0 
                -5.576706652021812e-09 -1.043081283569336e-07 0.9999999403953552 0.0 
                -1.6196514351918267e-08 10.005745887756348 2.402666723355651e-07 1.0 
              }
            }
            <Joint> Korlan:Neck {
              <Transform> {
                <Matrix4> {
                  1.0 1.2950339670130201e-20 -2.6598201419147927e-09 0.0 
                  1.1488239526347144e-10 0.9990668296813965 0.04319179430603981 0.0 
                  2.657337683231731e-09 -0.04319179430603981 0.9990667104721069 0.0 
                  1.4769073075626693e-08 11.256482124328613 5.791942925270632e-08 1.0 
                }
              }
              <Joint> Korlan:Head {
                <Transform> {
                  <Matrix4> {
                    1.0 0.0 0.0 0.0 
                    0.0 1.0 -9.906561615480314e-08 0.0 
                    0.0 9.906561615480314e-08 1.0 0.0 
                    0.0 8.549972534179688 0.3629303276538849 1.0 
                  }
                }
                <Joint> Korlan:HeadTop_End {
                  <Transform> {
                    <Matrix4> {
                      1.0 0.0 0.0 0.0 
                      0.0 1.0 -1.2431763707354548e-07 0.0 
                      0.0 1.2431763707354548e-07 1.0 0.0 
                      0.0 15.3287353515625 0.6506805419921875 1.0 
                    }
                  }
                }
              }
            }
            <Joint> Korlan:LeftShoulder {
              <Transform> {
                <Matrix4> {
                  -0.0020634739194065332 9.257718920707703e-05 -0.9999974966049194 0.0 
                  0.9553552269935608 -0.29545149207115173 -0.0019990333821624517 0.0 
                  -0.2954511046409607 -0.9553574919700623 0.0005212248070165515 0.0 
                  4.204814434051514 9.979119300842285 -0.007759882137179375 1.0 
                }
              }
              <Joint> Korlan:LeftArm {
                <Transform> {
                  <Matrix4> {
                    0.9993934631347656 2.3981556296348572e-08 -0.03482053056359291 0.0 
                    0.018101802095770836 0.8542511463165283 0.5195453763008118 0.0 
                    0.029745494946837425 -0.519860565662384 0.8537330627441406 0.0 
                    4.4517219066619873e-07 8.810710906982422 2.3523345589637756e-05 1.0 
                  }
                }
                <Joint> Korlan:LeftForeArm {
                  <Transform> {
                    <Matrix4> {
                      0.8319153189659119 0.5548974275588989 -0.0024015246890485287 0.0 
                      -0.5548951625823975 0.8319185972213745 0.0016027326928451657 0.0 
                      0.0028871947433799505 -6.964364729356021e-07 0.9999958276748657 0.0 
                      1.4901161193847656e-08 18.86956214904785 -1.439216430298984e-05 1.0 
                    }
                  }
                  <Joint> Korlan:LeftHand {
                    <Transform> {
                      <Matrix4> {
                        0.9857295751571655 0.16433483362197876 -0.03648695722222328 0.0 
                        -0.16200488805770874 0.9849881529808044 0.059605054557323456 0.0 
                        0.045734431594610214 -0.05284329131245613 0.9975550770759583 0.0 
                        6.67572021484375e-06 19.427833557128906 -3.3918768167495728e-06 1.0 
                      }
                    }
                    <Joint> Korlan:LeftHandThumb1 {
                      <Transform> {
                        <Matrix4> {
                          0.8289011120796204 0.5593953132629395 -5.793757736682892e-06 0.0 
                          -0.5511855483055115 0.8167376518249512 0.17068783938884735 0.0 
                          0.09548674523830414 -0.14148014783859253 0.9853252172470093 0.0 
                          -1.9900646209716797 3.26157283782959 0.6611708402633667 1.0 
                        }
                      }
                      <Joint> Korlan:LeftHandThumb2 {
                        <Transform> {
                          <Matrix4> {
                            0.9999999403953552 8.922070264816284e-07 1.5810132026672363e-05 0.0 
                            -5.9604644775390625e-06 0.9453960061073303 0.32592347264289856 0.0 
                            -1.4670193195343018e-05 -0.3259233832359314 0.9453961253166199 0.0 
                            0.13994097709655762 3.098872661590576 -7.152557373046875e-06 1.0 
                          }
                        }
                        <Joint> Korlan:LeftHandThumb3 {
                          <Transform> {
                            <Matrix4> {
                              0.9999999403953552 -5.587935447692871e-06 -1.4767050743103027e-05 0.0 
                              3.680586814880371e-06 0.9918922185897827 -0.12708276510238647 0.0 
                              1.529604196548462e-05 0.12708278000354767 0.9918920993804932 0.0 
                              -0.17995405197143555 2.626384735107422 1.1444091796875e-05 1.0 
                            }
                          }
                          <Joint> Korlan:LeftHandThumb4 {
                            <Transform> {
                              <Matrix4> {
                                1.0 4.813075065612793e-06 1.1630356311798096e-05 0.0 
                                -4.827976226806641e-06 1.0000001192092896 -3.5017728805541992e-06 0.0 
                                -1.1622905731201172e-05 3.4570693969726562e-06 1.0 0.0 
                                0.040019989013671875 2.3428397178649902 1.239776611328125e-05 1.0 
                              }
                            }
                          }
                        }
                      }
                    }
                    <Joint> Korlan:LeftHandIndex1 {
                      <Transform> {
                        <Matrix4> {
                          0.9870182871818542 0.16060833632946014 4.2282044887542725e-06 0.0 
                          -0.15845568478107452 0.9737847447395325 0.16320236027240753 0.0 
                          0.026207491755485535 -0.16108445823192596 0.9865925312042236 0.0 
                          -2.5185279846191406 9.4340238571167 -0.09827136993408203 1.0 
                        }
                      }
                      <Joint> Korlan:LeftHandIndex2 {
                        <Transform> {
                          <Matrix4> {
                            1.0 -1.6614794731140137e-06 -2.9280781745910645e-06 0.0 
                            2.2742897272109985e-06 0.972747802734375 0.23186586797237396 0.0 
                            2.4139881134033203e-06 -0.23186589777469635 0.972747802734375 0.0 
                            0.0188140869140625 2.1989822387695312 -3.814697265625e-06 1.0 
                          }
                        }
                        <Joint> Korlan:LeftHandIndex3 {
                          <Transform> {
                            <Matrix4> {
                              1.0 2.9811635613441467e-06 3.337860107421875e-06 0.0 
                              -2.7865171432495117e-06 0.9983434677124023 -0.057537030428647995 0.0 
                              -3.4123659133911133e-06 0.05753704160451889 0.998343288898468 0.0 
                              -0.014573097229003906 2.195563793182373 -1.9073486328125e-06 1.0 
                            }
                          }
                          <Joint> Korlan:LeftHandIndex4 {
                            <Transform> {
                              <Matrix4> {
                                1.0 2.60770320892334e-08 0.0 0.0 
                                -6.332993507385254e-08 0.9999999403953552 4.0978193283081055e-08 0.0 
                                0.0 -2.60770320892334e-08 0.9999999403953552 0.0 
                                -0.00424957275390625 1.8186676502227783 -5.7220458984375e-06 1.0 
                              }
                            }
                          }
                        }
                      }
                    }
                    <Joint> Korlan:LeftHandMiddle1 {
                      <Transform> {
                        <Matrix4> {
                          1.0 4.9486756324768066e-05 -8.493661880493164e-07 0.0 
                          -4.903972148895264e-05 0.9939141273498535 0.11015766113996506 0.0 
                          6.2659382820129395e-06 -0.11015773564577103 0.9939140677452087 0.0 
                          -0.5853767395019531 9.654122352600098 -0.09258627891540527 1.0 
                        }
                      }
                      <Joint> Korlan:LeftHandMiddle2 {
                        <Transform> {
                          <Matrix4> {
                            1.0 -8.046627044677734e-07 2.987682819366455e-06 0.0 
                            1.4901161193847656e-08 0.9670740962028503 0.254494309425354 0.0 
                            -3.129243850708008e-06 -0.2544943690299988 0.9670742154121399 0.0 
                            0.008609771728515625 2.5871658325195312 3.147125244140625e-05 1.0 
                          }
                        }
                        <Joint> Korlan:LeftHandMiddle3 {
                          <Transform> {
                            <Matrix4> {
                              1.0 2.6598572731018066e-06 -2.60770320892334e-06 0.0 
                              -2.592802047729492e-06 0.9996505379676819 0.026436008512973785 0.0 
                              2.6226043701171875e-06 -0.026436008512973785 0.9996504783630371 0.0 
                              -0.003940582275390625 2.3813624382019043 -2.574920654296875e-05 1.0 
                            }
                          }
                          <Joint> Korlan:LeftHandMiddle4 {
                            <Transform> {
                              <Matrix4> {
                                1.0 -3.598630428314209e-06 2.1904706954956055e-06 0.0 
                                3.5837292671203613e-06 1.0000001192092896 2.6598572731018066e-06 0.0 
                                -2.205371856689453e-06 -2.644956111907959e-06 1.0000001192092896 0.0 
                                -0.0046749114990234375 2.1169795989990234 2.956390380859375e-05 1.0 
                              }
                            }
                          }
                        }
                      }
                    }
                    <Joint> Korlan:LeftHandRing1 {
                      <Transform> {
                        <Matrix4> {
                          0.9671269655227661 -0.25429418683052063 -1.2665987014770508e-06 0.0 
                          0.25119829177856445 0.9553518295288086 0.15557092428207397 0.0 
                          -0.03955956548452377 -0.15045715868473053 0.987824559211731 0.0 
                          0.8457040786743164 9.684417724609375 -0.29500532150268555 1.0 
                        }
                      }
                      <Joint> Korlan:LeftHandRing2 {
                        <Transform> {
                          <Matrix4> {
                            1.0 -2.7120113372802734e-06 4.351139068603516e-06 0.0 
                            1.7136335372924805e-06 0.9761552214622498 0.21707360446453094 0.0 
                            -4.86522912979126e-06 -0.21707361936569214 0.9761552214622498 0.0 
                            -0.014908790588378906 2.321507453918457 4.5299530029296875e-06 1.0 
                          }
                        }
                        <Joint> Korlan:LeftHandRing3 {
                          <Transform> {
                            <Matrix4> {
                              1.0 2.2202730178833008e-06 1.1026859283447266e-06 0.0 
                              -2.175569534301758e-06 0.9964008331298828 -0.08476562798023224 0.0 
                              -1.2814998626708984e-06 0.08476560562849045 0.9964009523391724 0.0 
                              0.012768745422363281 2.1943864822387695 -9.059906005859375e-06 1.0 
                            }
                          }
                          <Joint> Korlan:LeftHandRing4 {
                            <Transform> {
                              <Matrix4> {
                                1.0 -1.4528632164001465e-06 -6.0051679611206055e-06 0.0 
                                1.4007091522216797e-06 0.9999998807907104 -3.4570693969726562e-06 0.0 
                                6.020069122314453e-06 3.4570693969726562e-06 0.9999998807907104 0.0 
                                0.0021333694458007812 1.9602279663085938 -1.9073486328125e-06 1.0 
                              }
                            }
                          }
                        }
                      }
                    }
                    <Joint> Korlan:LeftHandPinky1 {
                      <Transform> {
                        <Matrix4> {
                          0.9187548160552979 -0.394828736782074 3.0249357223510742e-06 0.0 
                          0.38475513458251953 0.8953155875205994 0.22444039583206177 0.0 
                          -0.08861818164587021 -0.20620454847812653 0.9744877219200134 0.0 
                          2.2581872940063477 9.075756072998047 -0.06110084056854248 1.0 
                        }
                      }
                      <Joint> Korlan:LeftHandPinky2 {
                        <Transform> {
                          <Matrix4> {
                            1.0 -1.691281795501709e-06 -3.6582350730895996e-06 0.0 
                            2.518296241760254e-06 0.9688192009925842 0.2477688491344452 0.0 
                            3.121793270111084e-06 -0.24776887893676758 0.9688192009925842 0.0 
                            -0.02148723602294922 1.7295150756835938 -6.4373016357421875e-06 1.0 
                          }
                        }
                        <Joint> Korlan:LeftHandPinky3 {
                          <Transform> {
                            <Matrix4> {
                              1.0 1.642853021621704e-06 9.819865226745605e-06 0.0 
                              -1.080334186553955e-06 0.9983733892440796 -0.05701363831758499 0.0 
                              -9.924173355102539e-06 0.05701363459229469 0.9983734488487244 0.0 
                              0.014760971069335938 1.4603581428527832 9.5367431640625e-06 1.0 
                            }
                          }
                          <Joint> Korlan:LeftHandPinky4 {
                            <Transform> {
                              <Matrix4> {
                                1.0 0.0 -3.725290298461914e-07 0.0 
                                -2.2351741790771484e-08 1.0 -1.4901161193847656e-08 0.0 
                                3.7997961044311523e-07 7.450580596923828e-09 1.0 0.0 
                                0.0067138671875 1.3080615997314453 8.344650268554688e-06 1.0 
                              }
                            }
                          }
                        }
                      }
                    }
                  }
                }
              }
            }
            <Joint> Korlan:RightShoulder {
              <Transform> {
                <Matrix4> {
                  -0.024571549147367477 -8.50483775138855e-05 0.9996980428695679 0.0 
                  -0.9553556442260742 -0.2945218086242676 -0.023506639525294304 0.0 
                  0.2944348454475403 -0.9556446671485901 0.007155611179769039 0.0 
                  -4.204814434051514 9.98321533203125 -0.10250848531723022 1.0 
                }
              }
              <Joint> Korlan:RightArm {
                <Transform> {
                  <Matrix4> {
                    0.9997130036354065 1.3504177331924438e-08 0.023955756798386574 0.0 
                    -0.012458053417503834 0.8541396856307983 0.5198943614959717 0.0 
                    -0.020461561158299446 -0.520043671131134 0.8538945317268372 0.0 
                    3.5390257835388184e-08 8.810711860656738 6.132060661911964e-06 1.0 
                  }
                }
                <Joint> Korlan:RightForeArm {
                  <Transform> {
                    <Matrix4> {
                      0.8140020966529846 -0.5803849697113037 0.023527123034000397 0.0 
                      0.5801428556442261 0.8143421411514282 0.01676793396472931 0.0 
                      -0.028890933841466904 8.24002199806273e-09 0.9995825290679932 0.0 
                      -2.682209014892578e-07 18.86812973022461 2.4598557502031326e-06 1.0 
                    }
                  }
                  <Joint> Korlan:RightHand {
                    <Transform> {
                      <Matrix4> {
                        0.9993486404418945 -0.0034380704164505005 0.035918958485126495 0.0 
                        0.0007149279117584229 0.9971412420272827 0.07555458694696426 0.0 
                        -0.03607597574591637 -0.07547976076602936 0.996494472026825 0.0 
                        -2.86102294921875e-06 19.725675582885742 1.15223228931427e-05 1.0 
                      }
                    }
                    <Joint> Korlan:RightHandThumb1 {
                      <Transform> {
                        <Matrix4> {
                          0.7734827995300293 -0.6338173151016235 2.777203917503357e-06 0.0 
                          0.6177870035171509 0.7539210915565491 0.2234777808189392 0.0 
                          -0.14164616167545319 -0.17285454273223877 0.9747089147567749 0.0 
                          1.745408058166504 2.53110408782959 0.7025043964385986 1.0 
                        }
                      }
                      <Joint> Korlan:RightHandThumb2 {
                        <Transform> {
                          <Matrix4> {
                            1.0 -4.287809133529663e-06 -7.428228855133057e-06 0.0 
                            6.183981895446777e-06 0.9617894887924194 0.273790180683136 0.0 
                            6.034970283508301e-06 -0.2737902104854584 0.9617894887924194 0.0 
                            -0.20339059829711914 2.5148234367370605 -5.245208740234375e-06 1.0 
                          }
                        }
                        <Joint> Korlan:RightHandThumb3 {
                          <Transform> {
                            <Matrix4> {
                              1.0 3.7997961044311523e-06 3.1888484954833984e-06 0.0 
                              -3.285706043243408e-06 0.9910343885421753 -0.13360704481601715 0.0 
                              -3.680586814880371e-06 0.13360702991485596 0.9910344481468201 0.0 
                              0.3086214065551758 2.5764942169189453 9.5367431640625e-06 1.0 
                            }
                          }
                          <Joint> Korlan:RightHandThumb4 {
                            <Transform> {
                              <Matrix4> {
                                1.0 -7.450580596923828e-09 2.9802322387695312e-08 0.0 
                                1.4901161193847656e-08 1.0 -4.470348358154297e-08 0.0 
                                3.725290298461914e-08 5.960464477539063e-08 1.0 0.0 
                                -0.10527420043945312 2.294513702392578 -4.76837158203125e-06 1.0 
                              }
                            }
                          }
                        }
                      }
                    }
                    <Joint> Korlan:RightHandIndex1 {
                      <Transform> {
                        <Matrix4> {
                          0.9538258910179138 -0.30035990476608276 -4.76837158203125e-07 0.0 
                          0.298543244600296 0.9480569362640381 0.10981878638267517 0.0 
                          -0.03298467397689819 -0.10474815219640732 0.9939516186714172 0.0 
                          2.5611610412597656 8.31292724609375 -0.06008279323577881 1.0 
                        }
                      }
                      <Joint> Korlan:RightHandIndex2 {
                        <Transform> {
                          <Matrix4> {
                            1.0000001192092896 -7.152557373046875e-07 -2.3171305656433105e-06 0.0 
                            1.3262033462524414e-06 0.9599820375442505 0.2800615131855011 0.0 
                            2.115964889526367e-06 -0.2800615131855011 0.9599820375442505 0.0 
                            -0.027557373046875 2.2228431701660156 -1.2159347534179688e-05 1.0 
                          }
                        }
                        <Joint> Korlan:RightHandIndex3 {
                          <Transform> {
                            <Matrix4> {
                              1.0 -1.6991980373859406e-06 5.036592483520508e-06 0.0 
                              1.9408762454986572e-06 0.9989061951637268 -0.046757496893405914 0.0 
                              -4.9173831939697266e-06 0.04675748944282532 0.9989062547683716 0.0 
                              0.018622398376464844 2.101837158203125 -1.9073486328125e-06 1.0 
                            }
                          }
                          <Joint> Korlan:RightHandIndex4 {
                            <Transform> {
                              <Matrix4> {
                                1.0 7.450580596923828e-08 -1.4901161193847656e-08 0.0 
                                -9.685754776000977e-08 1.0 8.195638656616211e-08 0.0 
                                0.0 -2.60770320892334e-08 1.0 0.0 
                                0.008927345275878906 1.8576686382293701 -8.58306884765625e-06 1.0 
                              }
                            }
                          }
                        }
                      }
                    }
                    <Joint> Korlan:RightHandMiddle1 {
                      <Transform> {
                        <Matrix4> {
                          0.99294114112854 -0.11860829591751099 5.286186933517456e-06 0.0 
                          0.11860817670822144 0.9929410219192505 0.0003328882157802582 0.0 
                          -4.470348358154297e-05 -0.00032994896173477173 0.9999998807907104 0.0 
                          0.5854892730712891 8.386656761169434 0.06343042850494385 1.0 
                        }
                      }
                      <Joint> Korlan:RightHandMiddle2 {
                        <Transform> {
                          <Matrix4> {
                            1.0000001192092896 3.3080577850341797e-06 -6.008893251419067e-06 0.0 
                            -1.214444637298584e-06 0.9474292993545532 0.3199654519557953 0.0 
                            6.765127182006836e-06 -0.3199654221534729 0.9474292993545532 0.0 
                            -0.013983726501464844 2.548964500427246 -7.152557373046875e-06 1.0 
                          }
                        }
                        <Joint> Korlan:RightHandMiddle3 {
                          <Transform> {
                            <Matrix4> {
                              1.0000001192092896 -1.0281801223754883e-06 -1.4156103134155273e-06 0.0 
                              9.909272193908691e-07 0.997951090335846 -0.06398193538188934 0.0 
                              1.475214958190918e-06 0.06398189067840576 0.997951090335846 0.0 
                              0.009428977966308594 2.4816880226135254 9.059906005859375e-06 1.0 
                            }
                          }
                          <Joint> Korlan:RightHandMiddle4 {
                            <Transform> {
                              <Matrix4> {
                                1.0 -2.6598572731018066e-06 3.9637088775634766e-06 0.0 
                                2.6673078536987305e-06 1.0 -2.8759241104125977e-06 0.0 
                                -3.9637088775634766e-06 2.905726432800293e-06 1.0 0.0 
                                0.00455474853515625 2.2431793212890625 -8.106231689453125e-06 1.0 
                              }
                            }
                          }
                        }
                      }
                    }
                    <Joint> Korlan:RightHandRing1 {
                      <Transform> {
                        <Matrix4> {
                          0.9945508241653442 0.10425277054309845 -4.544854164123535e-06 0.0 
                          -0.10343118011951447 0.9867177605628967 0.12526018917560577 0.0 
                          0.013063251972198486 -0.12457717210054398 0.9921239018440247 0.0 
                          -0.9095335006713867 8.73706340789795 -0.2885624170303345 1.0 
                        }
                      }
                      <Joint> Korlan:RightHandRing2 {
                        <Transform> {
                          <Matrix4> {
                            1.0 -1.8477439880371094e-06 6.139278411865234e-06 0.0 
                            4.172325134277344e-07 0.9748874306678772 0.2226981222629547 0.0 
                            -6.362795829772949e-06 -0.2226981669664383 0.9748874306678772 0.0 
                            0.0066928863525390625 2.2316293716430664 4.76837158203125e-06 1.0 
                          }
                        }
                        <Joint> Korlan:RightHandRing3 {
                          <Transform> {
                            <Matrix4> {
                              1.0 5.289912223815918e-07 7.37607479095459e-07 0.0 
                              -4.172325134277344e-07 0.9894778728485107 -0.1446840465068817 0.0 
                              -8.344650268554688e-07 0.1446840465068817 0.9894779920578003 0.0 
                              -0.007883071899414062 2.1521973609924316 -5.7220458984375e-06 1.0 
                            }
                          }
                          <Joint> Korlan:RightHandRing4 {
                            <Transform> {
                              <Matrix4> {
                                1.0 -1.4901161193847656e-08 7.450580596923828e-08 0.0 
                                7.450580596923828e-08 1.0 2.1606683731079102e-07 0.0 
                                -1.043081283569336e-07 -1.1920928955078125e-07 0.9999999403953552 0.0 
                                0.0011930465698242188 1.854323387145996 3.337860107421875e-06 1.0 
                              }
                            }
                          }
                        }
                      }
                    }
                    <Joint> Korlan:RightHandPinky1 {
                      <Transform> {
                        <Matrix4> {
                          0.967362642288208 0.25339579582214355 1.3113021850585938e-06 0.0 
                          -0.25159960985183716 0.9605048894882202 0.11886127293109894 0.0 
                          0.030117690563201904 -0.11498226970434189 0.9929108619689941 0.0 
                          -2.2371034622192383 7.9111127853393555 0.03224480152130127 1.0 
                        }
                      }
                      <Joint> Korlan:RightHandPinky2 {
                        <Transform> {
                          <Matrix4> {
                            1.0 -1.1473894119262695e-06 1.1175870895385742e-06 0.0 
                            7.189810276031494e-07 0.9474732279777527 0.31983476877212524 0.0 
                            -1.3820827007293701e-06 -0.31983482837677 0.947473406791687 0.0 
                            0.01941394805908203 1.836287021636963 -5.9604644775390625e-06 1.0 
                          }
                        }
                        <Joint> Korlan:RightHandPinky3 {
                          <Transform> {
                            <Matrix4> {
                              1.0 -2.0712614059448242e-06 8.642673492431641e-07 0.0 
                              2.115964889526367e-06 0.9981226921081543 -0.061246760189533234 0.0 
                              -7.152557373046875e-07 0.06124677509069443 0.9981226325035095 0.0 
                              -0.013644218444824219 1.5622305870056152 1.0013580322265625e-05 1.0 
                            }
                          }
                          <Joint> Korlan:RightHandPinky4 {
                            <Transform> {
                              <Matrix4> {
                                1.0 2.428889274597168e-06 -2.2202730178833008e-06 0.0 
                                -2.4512410163879395e-06 1.0 3.1739473342895508e-06 0.0 
                                2.2351741790771484e-06 -3.1813979148864746e-06 0.9999999403953552 0.0 
                                -0.005779266357421875 1.4610481262207031 7.867813110351562e-06 1.0 
                              }
                            }
                          }
                        }
                      }
                    }
                  }
                }
              }
            }
          }
        }
      }
      <Joint> Korlan:LeftUpLeg {
        <Transform> {
          <Matrix4> {
            -0.9993889331817627 -0.033886440098285675 0.001053929328918457 0.0 
            0.033892687410116196 -0.999403178691864 0.006674559321254492 0.0 
            0.0008414387702941895 0.006706668063998222 0.9999758005142212 0.0 
            8.944416046142578 -4.1569366455078125 -0.07675552368164062 1.0 
          }
        }
        <Joint> Korlan:LeftLeg {
          <Transform> {
            <Matrix4> {
              0.9938991665840149 0.11025535315275192 0.0028810626827180386 0.0 
              -0.11012259125709534 0.9934765100479126 -0.029624057933688164 0.0 
              -0.006128479260951281 0.029126057401299477 0.9995569586753845 0.0 
              -8.337665349245071e-07 34.20338439941406 -1.210719347000122e-07 1.0 
            }
          }
          <Joint> Korlan:LeftFoot {
            <Transform> {
              <Matrix4> {
                0.9973236322402954 -0.004018585197627544 -0.07300161570310593 0.0 
                0.061791278421878815 0.5800384283065796 0.8122419714927673 0.0 
                0.0390796959400177 -0.8145790696144104 0.5787346363067627 0.0 
                -0.022364068776369095 39.034481048583984 -1.7363345623016357 1.0 
              }
            }
            <Joint> Korlan:LeftToeBase {
              <Transform> {
                <Matrix4> {
                  0.9395995736122131 -1.3187527656555176e-06 0.3422757387161255 0.0 
                  -0.1984386146068573 0.8147835731506348 0.5447476506233215 0.0 
                  -0.27888140082359314 -0.5797653794288635 0.7655700445175171 0.0 
                  -1.1920928955078125e-06 13.354991912841797 0.0 1.0 
                }
              }
              <Joint> Korlan:LeftToe_End {
                <Transform> {
                  <Matrix4> {
                    1.0 -4.041939973831177e-07 -2.8447131626307964e-05 0.0 
                    3.9581209421157837e-07 1.0000001192092896 3.0230730772018433e-06 0.0 
                    2.844154369086027e-05 -3.0193477869033813e-06 1.0 0.0 
                    -1.4603137969970703e-06 4.9969563484191895 2.2351741790771484e-07 1.0 
                  }
                }
              }
            }
          }
        }
      }
      <Joint> Korlan:RightUpLeg {
        <Transform> {
          <Matrix4> {
            -0.9990573525428772 0.03384479507803917 9.015202522277832e-05 0.0 
            -0.033842653036117554 -0.9993714690208435 -0.010534124448895454 0.0 
            -3.6388635635375977e-05 -0.01053427904844284 0.9999086856842041 0.0 
            -8.944416046142578 -4.1569366455078125 0.8088893890380859 1.0 
          }
        }
        <Joint> Korlan:RightLeg {
          <Transform> {
            <Matrix4> {
              0.9938526749610901 -0.110710509121418 3.536639269441366e-05 0.0 
              0.11068283021450043 0.9935970902442932 -0.02267860248684883 0.0 
              0.002475620014593005 0.022543104365468025 0.9997428059577942 0.0 
              8.202041499316692e-07 34.254005432128906 2.3702159523963928e-07 1.0 
            }
          }
          <Joint> Korlan:RightFoot {
            <Transform> {
              <Matrix4> {
                0.9969387054443359 2.3299362510442734e-05 0.07818659394979477 0.0 
                -0.06150161102414131 0.6176961064338684 0.7840083837509155 0.0 
                -0.04827728122472763 -0.7864168882369995 0.615806519985199 0.0 
                -3.0314549803733826e-07 38.956722259521484 -1.862645149230957e-08 1.0 
              }
            }
            <Joint> Korlan:RightToeBase {
              <Transform> {
                <Matrix4> {
                  0.9404616951942444 -8.21426510810852e-05 -0.3398999571800232 0.0 
                  0.21223793923854828 0.7812363505363464 0.5870475769042969 0.0 
                  0.2654939889907837 -0.6242353320121765 0.7347403764724731 0.0 
                  2.3245811462402344e-06 12.4265718460083 -1.1920928955078125e-06 1.0 
                }
              }
              <Joint> Korlan:RightToe_End {
                <Transform> {
                  <Matrix4> {
                    1.0000001192092896 3.0780211091041565e-07 -0.0001544347032904625 0.0 
                    -3.1245872378349304e-07 1.0 -3.3155083656311035e-06 0.0 
                    0.00015443493612110615 3.3099204301834106e-06 1.0 0.0 
                    -3.8743019104003906e-07 4.893598556518555 1.341104507446289e-07 1.0 
                  }
                }
              }
            }
          }
        }
      }
    }
  }
